18.944
24.6901333333333
30.9509298924731
31.3359924301075
28.1738651526882
21.7678549163937
14.6746319912363
11.8722167208279
11.2731960323376
10.6860677778961
16.0277204680216
18.8761563385023
21.9437105303733
25.8474087727413
28.4917626277969
29.6335496581759
26.9115375178421
22.9800135967584
16.0834693860183
11.0808581000776
10.5593974264671
10.2664249398389
15.5614140202258
18.8109494707118
23.9479963457553
28.3762659358177
32.3001994237227
30.6826205299058
26.8011907726478
21.7595929932392
17.5252519319812
14.8280611390844
12.5785154536233
11.6770824010695
13.2205777705365
15.3086488874406
19.3765684871655
26.2779803640998
31.1962151669874
30.8409951164399
27.3893245644135
23.4729009879188
16.8271135309171
12.4338098029576
11.3719232509141
13.4921624279606
16.5590776468824
21.2531488627098
24.9912749338323
29.8489216534331
31.1620423952028
31.3962794467825
27.9485892226898
25.9122984896993
17.5104596979399
11.7756403266847
10.6544829040466
10.3223251522379
