9.2
8.9
6.5
8.8
9.7
13.3
7.9
9.9
10.5
6.9
9.2
11.4
13.5
13
8.6
9.9
12.1
7.8
13.8
13.1
9.1
11.4
15
7.3
12.1
9.8
13.5
12.9
12.1
12
10.4
9.1
17.1
17.3
20.8
21.2
20.8
19.1
18.2
18.7
17.3
16.6
18.4
19.9
22
21.2
18.1
10.0857142857143
11.0142857142857
13.6142857142857
15.2857142857143
15.9
19.8
18.5857142857143
22.3
22.5428571428571
17.3142857142857
20.0714285714286
21.4428571428571
6.9
7.4
8.4
5.6
6
5.6
2.1
4.6
12
11.7090909090909
10
12
12.3
10.4
13
11.8
8.9
7
13.7
8.8
13.6
14
13.7
9.9
13.2
13
14.6
15.2
16.9
18.5
17.9
14.3
12.7
19.5
22.2
21.3
21.9
23.5
22.9
21.3
16
12.8
9
14.2
11.6
10.4
14.6
17.8
11.5
14.44
8.8
10.9
11.8
15.4
15.9
23.7
20.9
25.2
25.6
14.4
8
12.1
11.8
13.3
12.7
9
11.2
12.1
15.4
14.6
13.5
13.5
9.2
7.8
6.8
8.5
9.6
10
14.3
13.9
15.1
14.1
12
11.3
8
7
10.4
12.5
16
14.4
15.1
12.3
9.6
10.5
10.6
11.6
12.4
13.5
10.3
13
13.3
12.4
14.6
15.3
15.8
12.7
11.1
13.3
14.2
14.1
11.9
17.8
16.3
16.9
13
12.4
17
19.1
11.3
14
11.6
12.1
14.6
10.7
14.6
12.9
10
12.6
9.2
10.8
11.1
12.2
14.1
16.8
16.5
13.4
14.4
15
16.9
19.9
17.7
14.7
18.6
17.6
14.8
11.8
14.6
17.3
11
10.6
15.6
17.5
18.2
23.6
26.3
27
19.6
14.8
12.1
20.2
21.9
21.3
21.2
23.1
24
21.6
13.9
7.6
7.2
9.7
12.5
12.8
13.9
17.8
21.7
21.3
17.2
9.8
7.8
7.7
6
6.6
4.4
5.3
6.5
6.6
10.4
12.3
10
8.4
10
14.9
17.1
12.6
12.2
13.1
13.5
10.7
9.5
9.9
13.3
15.2
17.2
3.5
12.2
